1502708098.289000 0.277733 9.290350 0.843577 0.706278 -0.706132 0.046840 -0.018822
1502708098.786000 0.205701 11.101590 0.865413 0.705505 -0.707401 0.041000 -0.012888
1502708099.284000 0.083051 13.000461 0.888994 0.705764 -0.707598 0.034158 -0.005928
1502708099.781000 -0.086910 15.027248 0.909155 0.705780 -0.707896 0.027509 0.000918
1502708100.306000 -0.291525 17.232556 0.932781 0.706665 -0.707110 0.024338 0.005218
1502708100.803000 -0.497404 19.319254 0.958738 0.705638 -0.708138 0.023626 0.007536
1502708101.300000 -0.710978 21.425514 0.988067 0.705237 -0.708543 0.023626 0.006985
1502708101.797000 -0.881312 23.513683 1.012941 0.705170 -0.708579 0.024628 0.006623
1502708102.295000 -1.039953 25.538460 1.036074 0.704937 -0.708798 0.025197 0.005863
1502708102.792000 -1.179632 27.472141 1.052406 0.705677 -0.708036 0.026034 0.005270
1502708103.289000 -1.319061 29.453421 1.080975 0.706146 -0.707552 0.026666 0.004068
1502708103.786000 -1.461970 31.520152 1.105475 0.706581 -0.707040 0.028902 0.001502
1502708104.311000 -1.593655 33.732455 1.140774 0.706418 -0.707086 0.031651 -0.000993
1502708104.808000 -1.696154 35.958964 1.171013 0.706634 -0.706790 0.033202 -0.003646
1502708105.305000 -1.798471 38.311306 1.203541 0.706401 -0.706956 0.034434 -0.004994
1502708105.803000 -1.909927 40.716821 1.226272 0.706184 -0.707135 0.035072 -0.005873
1502708106.300000 -2.035632 43.242326 1.250823 0.705680 -0.707591 0.035865 -0.006617
1502708106.797000 -2.162383 45.838156 1.279479 0.705852 -0.707429 0.035530 -0.007448
1502708107.294000 -2.278104 48.424655 1.314483 0.706341 -0.706926 0.035510 -0.008805
1502708107.792000 -2.394777 51.094617 1.342629 0.706646 -0.706503 0.037408 -0.010249
1502708108.289000 -2.489953 53.804253 1.381588 0.706447 -0.706565 0.039617 -0.011315
1502708108.814000 -2.578971 56.709811 1.414949 0.705414 -0.707466 0.041448 -0.012829
1502708109.311000 -2.646417 59.601168 1.458443 0.705968 -0.706819 0.042765 -0.013673
1502708109.808000 -2.720835 62.584656 1.497946 0.706175 -0.706583 0.043234 -0.013678
1502708110.305000 -2.803879 65.594310 1.525929 0.705906 -0.706823 0.043240 -0.015136
1502708110.802000 -2.884177 68.698541 1.571556 0.707072 -0.705520 0.045099 -0.016056
1502708111.300000 -2.944742 71.852808 1.621382 0.706234 -0.706269 0.046270 -0.016639
1502708111.797000 -3.008806 75.030236 1.675234 0.705961 -0.706631 0.045101 -0.016045
1502708112.294000 -3.086890 78.125781 1.719135 0.706082 -0.706584 0.044022 -0.015783
1502708112.819000 -3.170945 81.488885 1.760909 0.706342 -0.706307 0.044410 -0.015477
1502708113.316000 -3.234410 84.639305 1.815071 0.706516 -0.706035 0.045913 -0.015560
1502708113.813000 -3.291947 87.720205 1.844866 0.705566 -0.706875 0.047356 -0.016178
1502708114.311000 -3.343698 90.898944 1.877771 0.704705 -0.707709 0.047648 -0.016394
1502708114.808000 -3.415156 94.098124 1.906673 0.704568 -0.707867 0.047148 -0.016905
1502708115.305000 -3.486069 97.224861 1.923949 0.704859 -0.707596 0.046743 -0.017246
1502708115.802000 -3.555185 100.425499 1.946942 0.704572 -0.707898 0.046259 -0.017851
1502708116.300000 -3.616208 103.633887 1.979439 0.705192 -0.707287 0.046014 -0.018231
1502708116.824000 -3.673475 106.976096 2.007011 0.705045 -0.707418 0.046197 -0.018385
1502708117.322000 -3.740178 110.200210 2.030594 0.704736 -0.707708 0.046383 -0.018582
1502708117.819000 -3.795333 113.440033 2.045377 0.703884 -0.708559 0.046147 -0.019045
1502708118.316000 -3.853159 116.652837 2.073652 0.705056 -0.707406 0.045731 -0.019535
1502708118.813000 -3.911829 119.896716 2.112623 0.705440 -0.707006 0.045926 -0.019678
1502708119.310000 -3.964557 123.298357 2.153445 0.704702 -0.707681 0.046901 -0.019560
1502708119.808000 -4.006582 126.763303 2.180122 0.703954 -0.708412 0.047262 -0.019177
1502708120.305000 -4.052230 130.192004 2.207936 0.703962 -0.708436 0.047213 -0.018057
1502708120.802000 -4.136832 133.709673 2.240535 0.703390 -0.709084 0.046440 -0.016933
1502708121.327000 -4.231847 137.398471 2.279647 0.703969 -0.708584 0.045744 -0.015630
1502708121.824000 -4.313553 140.779091 2.316783 0.702804 -0.709772 0.045763 -0.014010
1502708122.321000 -4.387108 144.211496 2.323031 0.699339 -0.713167 0.046604 -0.012107
1502708122.819000 -4.459041 147.592738 2.306103 0.700725 -0.711775 0.047032 -0.012226
1502708123.316000 -4.559567 150.957346 2.341193 0.703303 -0.709220 0.046884 -0.013168
1502708123.813000 -4.652048 154.174653 2.385950 0.703519 -0.708982 0.047116 -0.013638
1502708124.310000 -4.744237 157.374231 2.436811 0.703092 -0.709337 0.047780 -0.014813
1502708124.807000 -4.797750 160.383264 2.484576 0.702705 -0.709600 0.049130 -0.016096
1502708125.332000 -4.817584 163.294858 2.500195 0.702418 -0.709508 0.052371 -0.021569
1502708125.830000 -4.732390 165.959683 2.511024 0.701790 -0.708773 0.062355 -0.035278
1502708126.327000 -4.487447 168.473110 2.524084 0.700257 -0.706656 0.082261 -0.059250
1502708126.824000 -4.078657 170.792197 2.522741 0.697027 -0.702517 0.112495 -0.089261
1502708127.321000 -3.459083 172.964534 2.520016 0.690782 -0.697538 0.146652 -0.121463
1502708127.818000 -2.608458 174.983741 2.519458 0.682985 -0.690635 0.181488 -0.153680
1502708128.316000 -1.531502 176.826684 2.490127 0.675898 -0.680341 0.214825 -0.184791
1502708128.813000 -0.263496 178.708124 2.466084 0.667315 -0.667843 0.246505 -0.218885
1502708129.310000 1.256581 180.572432 2.483969 0.654679 -0.654631 0.278222 -0.255826
1502708129.835000 3.209869 182.446017 2.481934 0.637854 -0.638057 0.313975 -0.295710
1502708130.332000 5.410830 184.117135 2.470761 0.617549 -0.620416 0.351203 -0.332225
1502708130.829000 7.829887 185.582737 2.448313 0.597490 -0.598680 0.385525 -0.368726
1502708131.326000 10.357063 186.771888 2.424895 0.577881 -0.580227 0.414272 -0.397201
1502708131.824000 13.018572 187.802682 2.424588 0.566350 -0.563834 0.433871 -0.416046
1502708132.321000 15.784085 188.832110 2.443944 0.562247 -0.558274 0.438545 -0.424131
1502708132.818000 18.695205 189.895649 2.511053 0.563313 -0.554629 0.438929 -0.427092
1502708133.315000 21.705079 190.999084 2.575092 0.565111 -0.552953 0.438828 -0.426993
1502708133.840000 25.136766 192.303146 2.640103 0.566725 -0.553907 0.439227 -0.423189
1502708134.337000 28.503983 193.616826 2.710659 0.569288 -0.552283 0.438386 -0.422744
1502708134.835000 31.916407 194.931965 2.809169 0.568277 -0.551987 0.440253 -0.422551
1502708135.332000 35.460802 196.264388 2.899184 0.568830 -0.548933 0.440258 -0.425767
1502708135.829000 39.007439 197.585360 3.000704 0.563616 -0.551385 0.443638 -0.426026
1502708136.326000 42.506665 198.905433 3.122924 0.562958 -0.550054 0.444356 -0.427863
1502708136.823000 46.068973 200.229501 3.149649 0.561486 -0.552021 0.445657 -0.425907
1502708137.321000 49.603189 201.562236 3.153843 0.563920 -0.551462 0.444556 -0.424562
1502708137.846000 53.287703 202.975755 3.227548 0.566197 -0.550529 0.443734 -0.423602
1502708138.343000 56.822668 204.337451 3.273714 0.564754 -0.552837 0.445052 -0.421133
1502708138.840000 60.384046 205.735041 3.303726 0.566417 -0.551706 0.444204 -0.421277
1502708139.337000 64.033086 207.116278 3.392998 0.565804 -0.552125 0.443836 -0.421939
1502708139.834000 67.719042 208.535994 3.498690 0.565818 -0.550344 0.444148 -0.423915
1502708140.332000 71.607196 209.985903 3.586413 0.564958 -0.549447 0.445910 -0.424376
1502708140.829000 75.620752 211.473779 3.663719 0.562172 -0.550606 0.448251 -0.424107
1502708141.326000 79.572134 212.907669 3.750664 0.562103 -0.549251 0.448647 -0.425534
1502708141.823000 83.628472 214.377325 3.797373 0.561874 -0.550218 0.448580 -0.424658
1502708142.348000 87.906813 215.952430 3.836197 0.563753 -0.549982 0.447243 -0.423881
1502708142.845000 91.840633 217.424321 3.867029 0.563289 -0.552472 0.447282 -0.421212
1502708143.343000 95.864622 218.973740 3.886798 0.564258 -0.554599 0.445961 -0.418511
1502708143.840000 99.901304 220.521162 3.881052 0.564483 -0.556960 0.445956 -0.415064
1502708144.337000 103.785457 222.033649 3.858053 0.565572 -0.556173 0.444532 -0.416162
1502708144.834000 107.804050 223.598154 3.935195 0.567359 -0.553926 0.444429 -0.416837
1502708145.331000 111.899994 225.208295 3.954716 0.566342 -0.554005 0.443923 -0.418651
1502708145.829000 116.060051 226.790036 4.043557 0.566524 -0.552463 0.446418 -0.417788
1502708146.353000 120.470184 228.465186 4.021542 0.560761 -0.556190 0.447098 -0.419885
1502708146.851000 124.716098 230.082404 4.015926 0.559180 -0.555564 0.447211 -0.422691
1502708147.348000 129.010149 231.623197 4.000265 0.558181 -0.554532 0.449083 -0.423382
1502708147.845000 133.205912 233.105302 3.984503 0.557770 -0.552919 0.452156 -0.422764
1502708148.342000 137.464263 234.602334 3.984108 0.557141 -0.551567 0.455305 -0.421978
1502708148.840000 141.710964 236.102217 3.984709 0.555866 -0.550807 0.456331 -0.423541
1502708149.337000 145.898991 237.524668 3.977301 0.555462 -0.548963 0.457009 -0.425728
1502708149.834000 150.199700 238.950896 3.971147 0.554268 -0.547839 0.457049 -0.428679
1502708150.359000 154.769304 240.464625 3.968467 0.552985 -0.547232 0.458482 -0.429580
1502708150.856000 159.007286 241.863806 3.964801 0.552897 -0.546576 0.459307 -0.429647
1502708151.353000 163.344635 243.289945 3.948223 0.552907 -0.547684 0.459485 -0.428031
1502708151.850000 167.600136 244.733821 3.977468 0.554702 -0.547413 0.457469 -0.428213
1502708152.348000 171.778659 246.154721 3.987674 0.554245 -0.546972 0.458321 -0.428457
1502708152.845000 175.831831 247.509309 3.997971 0.551283 -0.545443 0.461298 -0.431025
1502708153.342000 179.979230 248.813271 4.006163 0.548445 -0.540189 0.466147 -0.436016
1502708153.839000 184.177698 250.008953 3.990810 0.542611 -0.532936 0.473470 -0.444273
1502708154.336000 188.414034 251.074860 3.985397 0.536437 -0.525303 0.481036 -0.452655
1502708154.861000 193.164459 252.110198 3.981767 0.529088 -0.518919 0.488722 -0.460369
1502708155.359000 197.752301 252.993139 3.971033 0.525743 -0.513636 0.492969 -0.465568
1502708155.856000 202.318012 253.824457 3.960496 0.521696 -0.510990 0.498311 -0.467342
1502708156.353000 206.955288 254.614230 3.941518 0.518111 -0.508390 0.502574 -0.469596
1502708156.850000 211.532031 255.307401 3.943881 0.514505 -0.503611 0.506832 -0.474112
1502708157.347000 215.985640 255.895931 3.938168 0.509288 -0.497455 0.511881 -0.480773
1502708157.845000 220.536111 256.374710 3.940917 0.503338 -0.489774 0.518410 -0.487877
1502708158.342000 225.135519 256.745112 3.932742 0.496708 -0.482730 0.525156 -0.494433
1502708158.867000 229.947121 256.973419 3.951331 0.490446 -0.475559 0.531936 -0.500351
1502708159.364000 234.616487 257.083432 3.943971 0.484267 -0.471392 0.536724 -0.505176
1502708159.861000 239.283391 257.131575 3.964188 0.481424 -0.466500 0.540226 -0.508689
1502708160.358000 243.891722 257.138514 3.930345 0.477909 -0.464092 0.542589 -0.511683
1502708160.856000 248.598054 257.084214 3.915372 0.475479 -0.460810 0.544283 -0.515102
1502708161.353000 253.316265 256.970251 3.907986 0.473549 -0.457035 0.546482 -0.517907
1502708161.850000 258.064582 256.843068 3.935342 0.469909 -0.454841 0.549948 -0.519483
1502708162.347000 262.728212 256.659724 3.959823 0.467394 -0.451534 0.552157 -0.522285
1502708162.872000 267.790717 256.375216 3.936579 0.464517 -0.447336 0.555227 -0.525203
1502708163.369000 272.599227 256.045057 3.939457 0.458630 -0.443600 0.559573 -0.528919
1502708163.866000 277.310591 255.626162 3.921838 0.453792 -0.437293 0.563130 -0.534540
1502708164.364000 282.130478 255.100939 3.896797 0.447839 -0.432023 0.568927 -0.537697
1502708164.861000 286.921802 254.478060 3.862427 0.441337 -0.425776 0.573300 -0.543382
1502708165.358000 291.523863 253.734608 3.833536 0.433241 -0.419200 0.578689 -0.549266
1502708165.855000 296.133799 252.868899 3.771711 0.425392 -0.410900 0.584620 -0.555358
1502708166.352000 300.622400 251.903100 3.764924 0.417664 -0.402900 0.590433 -0.560907
1502708166.850000 304.981193 250.843969 3.754495 0.410280 -0.394742 0.596431 -0.565791
1502708167.375000 309.406580 249.616223 3.702358 0.403355 -0.385975 0.603322 -0.569500
1502708167.872000 313.529685 248.350782 3.643675 0.396232 -0.379425 0.605612 -0.576430
1502708168.369000 317.532103 247.045192 3.620272 0.390134 -0.372551 0.608969 -0.581514
1502708168.866000 321.389503 245.687469 3.636543 0.383337 -0.366914 0.611088 -0.587366
1502708169.363000 325.232812 244.275702 3.681336 0.379738 -0.359613 0.613756 -0.591423
1502708169.861000 328.899204 242.830007 3.729735 0.373829 -0.354739 0.617194 -0.594544
1502708170.358000 332.243835 241.450405 3.779695 0.368665 -0.349143 0.617390 -0.600845
1502708170.855000 335.383384 240.047688 3.856029 0.360470 -0.341797 0.619959 -0.607361
1502708171.380000 338.367643 238.565029 3.936336 0.347647 -0.328178 0.628357 -0.613684
1502708171.877000 340.835508 237.190699 3.989678 0.331145 -0.310317 0.635709 -0.624436
1502708172.374000 343.122826 235.681533 4.039436 0.302401 -0.287590 0.650650 -0.634428
1502708172.872000 345.133583 234.019949 4.056217 0.267093 -0.257391 0.663263 -0.649995
1502708173.369000 346.760044 232.224997 4.065153 0.232608 -0.222216 0.674701 -0.664298
1502708173.866000 348.147703 230.316583 4.069633 0.196343 -0.188043 0.688623 -0.672226
1502708174.363000 349.336136 228.301418 4.080005 0.158961 -0.156646 0.692211 -0.686321
1502708174.860000 350.360610 226.117387 4.123139 -0.119160 0.124974 -0.693247 0.699708
1502708175.385000 351.230475 223.633390 4.177391 -0.081574 0.089340 -0.699282 0.704534
1502708175.882000 351.902338 221.022400 4.261222 -0.051156 0.061526 -0.702689 0.706983
1502708176.380000 352.474154 218.254476 4.337727 -0.028823 0.039699 -0.704133 0.708372
1502708176.877000 352.936195 215.357040 4.479442 0.015155 -0.026240 0.708149 -0.705412
1502708177.374000 353.360789 212.253713 4.451521 0.009262 -0.019587 0.707921 -0.705959
1502708177.871000 353.770854 209.008078 4.386539 0.009036 -0.014510 0.707710 -0.706296
1502708178.368000 354.195268 205.660380 4.431340 0.008334 -0.012702 0.711067 -0.702961
1502708178.866000 354.635242 202.168006 4.483481 0.008245 -0.009570 0.707340 -0.706761
1502708179.363000 355.133053 198.572445 4.486297 0.004808 -0.009393 0.708573 -0.705559
1502708179.888000 355.630918 194.876097 4.536892 0.004163 -0.008725 0.708002 -0.706144
1502708180.385000 356.114037 191.332856 4.573696 0.007004 -0.009779 0.708014 -0.706096
1502708180.882000 356.655921 187.859737 4.686429 0.010718 -0.013843 0.710331 -0.703650
1502708181.379000 357.173733 184.504096 4.746220 0.017007 -0.016522 0.710784 -0.703010
1502708181.877000 357.775934 181.131097 4.768517 0.024003 -0.022405 0.709503 -0.703937
1502708182.374000 358.424591 177.805553 4.794472 0.027986 -0.028989 0.708324 -0.704736
1502708182.871000 359.126795 174.497052 4.843208 0.031081 -0.031580 0.707987 -0.704834
1502708183.368000 359.843651 171.226806 4.857357 0.033789 -0.033899 0.708401 -0.704185
1502708183.893000 360.646391 167.631103 4.864382 0.037439 -0.037468 0.707391 -0.704835
1502708184.390000 361.459828 164.169076 4.865679 0.039891 -0.040606 0.707220 -0.704699
1502708184.888000 362.279081 160.667157 4.876994 0.043042 -0.042258 0.708270 -0.703360
1502708185.385000 363.156219 157.038072 4.885465 0.046124 -0.042440 0.708688 -0.702733
1502708185.882000 364.069363 153.271162 4.885725 0.049302 -0.042891 0.708312 -0.702869
1502708186.379000 365.045895 149.491710 4.902346 0.055844 -0.046102 0.706087 -0.704412
1502708186.876000 366.136595 145.571005 4.967899 0.065951 -0.050915 0.707394 -0.701892
1502708187.374000 367.372980 141.573509 4.937929 0.070709 -0.064625 0.712224 -0.695386
1502708187.871000 368.764403 137.517492 4.857367 0.081975 -0.071926 0.708943 -0.696783
1502708188.396000 370.289131 133.307028 4.849168 0.095080 -0.077443 0.705797 -0.697720
1502708188.893000 371.851772 129.303155 4.807907 0.105867 -0.081211 0.704784 -0.696761
1502708189.390000 373.493124 125.347912 4.804835 0.112850 -0.086574 0.705427 -0.694365
1502708189.887000 375.135133 121.528523 4.791611 0.112935 -0.088872 0.704981 -0.694514
1502708190.384000 376.729780 117.642954 4.849937 0.110187 -0.087051 0.704506 -0.695667
1502708190.882000 378.321253 113.787967 4.853177 0.105134 -0.080982 0.704382 -0.697305
1502708191.379000 379.759823 109.984033 4.877474 0.100656 -0.075907 0.704974 -0.697938
1502708191.876000 381.205466 106.112247 4.927826 0.099340 -0.074447 0.704844 -0.698416
1502708192.401000 382.745239 102.045276 4.990733 0.098395 -0.076075 0.706291 -0.696911
1502708192.898000 384.174210 98.307145 5.027347 0.098928 -0.076645 0.704051 -0.699036
1502708193.395000 385.616822 94.511996 5.102721 0.096892 -0.078611 0.703478 -0.699679
1502708193.893000 387.060165 90.727597 5.174137 0.094337 -0.078668 0.704026 -0.699471
1502708194.390000 388.456616 86.976459 5.246392 0.092406 -0.078289 0.703739 -0.700060
1502708194.887000 389.794867 83.313857 5.267733 0.091484 -0.076969 0.703981 -0.700084
1502708195.384000 391.129855 79.597702 5.306487 0.090944 -0.075182 0.705282 -0.699038
1502708195.882000 392.459492 75.884021 5.331988 0.089528 -0.074295 0.705763 -0.698831
1502708196.406000 393.857100 72.020360 5.358512 0.089533 -0.072287 0.706197 -0.698602
1502708196.903000 395.169274 68.307322 5.388021 0.091346 -0.072565 0.706472 -0.698060
1502708197.401000 396.528722 64.601598 5.398395 0.095844 -0.070988 0.705176 -0.698929
1502708197.898000 397.818676 60.994771 5.427230 0.098875 -0.071126 0.706945 -0.696702
1502708198.395000 399.178287 57.329505 5.431767 0.099800 -0.072689 0.706458 -0.696903
1502708198.892000 400.557945 53.667185 5.468660 0.097679 -0.073004 0.706675 -0.696951
1502708199.390000 401.909805 49.984411 5.491812 0.096750 -0.069523 0.707160 -0.696944
1502708199.887000 403.168279 46.416672 5.503018 0.095812 -0.066247 0.706175 -0.698390
1502708200.384000 404.454875 42.722166 5.523310 0.093473 -0.064686 0.708804 -0.696186
1502708200.909000 405.763906 38.856242 5.534825 0.091420 -0.062434 0.707317 -0.698174
1502708201.406000 407.020319 35.082116 5.544609 0.089938 -0.060841 0.707761 -0.698057
1502708201.903000 408.283032 31.272544 5.569370 0.088446 -0.059722 0.708048 -0.698053
1502708202.400000 409.533819 27.508592 5.577646 0.087620 -0.060041 0.707761 -0.698422
1502708202.898000 410.822398 23.640446 5.621358 0.088048 -0.060297 0.707403 -0.698708
1502708203.395000 412.152702 19.737274 5.624989 0.089658 -0.063043 0.707540 -0.698122
1502708203.892000 413.506009 15.816418 5.638715 0.090707 -0.064914 0.706570 -0.698797
1502708204.389000 414.832692 11.955960 5.662261 0.091232 -0.064660 0.706550 -0.698773
1502708204.914000 416.253849 7.730403 5.673731 0.090316 -0.064253 0.706681 -0.698797
1502708205.411000 417.606956 3.688992 5.714585 0.089565 -0.063191 0.706857 -0.698812
1502708205.909000 418.930116 -0.268006 5.754953 0.088245 -0.062393 0.706762 -0.699148
1502708206.406000 420.295832 -4.360107 5.808052 0.086772 -0.061431 0.707887 -0.698278
1502708206.903000 421.662106 -8.423986 5.808709 0.085176 -0.060572 0.707715 -0.698724
1502708207.400000 422.943360 -12.398925 5.854687 0.083710 -0.059606 0.707057 -0.699650
1502708207.897000 424.217122 -16.450481 5.887247 0.082377 -0.058207 0.707829 -0.699146
1502708208.395000 425.476161 -20.497982 5.925636 0.079733 -0.057817 0.708757 -0.698544
1502708208.919000 426.776910 -24.695015 5.933079 0.079426 -0.055087 0.706967 -0.700610
1502708209.417000 427.990451 -28.708478 5.982749 0.074910 -0.052830 0.707479 -0.700764
1502708209.914000 429.160063 -32.750155 6.015858 0.070972 -0.048754 0.708339 -0.700601
1502708210.411000 430.276629 -36.782104 6.021122 0.068679 -0.044373 0.709359 -0.700088
1502708210.908000 431.324337 -40.712340 6.033092 0.067760 -0.040462 0.709704 -0.700066
1502708211.405000 432.398473 -44.719149 6.041843 0.067215 -0.039802 0.710276 -0.699576
1502708211.903000 433.456115 -48.712240 6.048712 0.067083 -0.039041 0.709615 -0.700301
1502708212.400000 434.486465 -52.608431 6.066859 0.070541 -0.038870 0.708972 -0.700623
1502708212.897000 435.618378 -56.571609 6.061856 0.075210 -0.042131 0.709777 -0.699132
1502708213.422000 436.883572 -60.734185 6.074448 0.079792 -0.046249 0.709528 -0.698616
1502708213.919000 438.075752 -64.553248 6.087562 0.083493 -0.050032 0.709209 -0.698246
1502708214.416000 439.339423 -68.422490 6.100643 0.086499 -0.053457 0.709224 -0.697611
1502708214.914000 440.625437 -72.260520 6.092916 0.089748 -0.056208 0.709193 -0.697016
1502708215.411000 441.909821 -76.089569 6.092351 0.093475 -0.058238 0.707524 -0.698055
1502708215.908000 443.190654 -79.813626 6.157350 0.095637 -0.061693 0.707580 -0.697408
1502708216.405000 444.505215 -83.548947 6.153692 0.099070 -0.063215 0.708711 -0.695642
1502708216.902000 445.820744 -87.183163 6.151054 0.099820 -0.065630 0.708726 -0.695296
1502708217.427000 447.168882 -90.872335 6.177208 0.099377 -0.066450 0.707869 -0.696154
1502708217.924000 448.413670 -94.371081 6.215179 0.098762 -0.065380 0.708132 -0.696075
1502708218.422000 449.605966 -97.772065 6.214867 0.096991 -0.063810 0.707931 -0.696674
1502708218.919000 450.697519 -100.986480 6.245118 0.091305 -0.062067 0.708455 -0.697067
1502708219.416000 451.692909 -104.126891 6.278692 0.082610 -0.054612 0.714854 -0.692226
1502708219.913000 452.504382 -107.072295 6.279235 0.072795 -0.042516 0.707773 -0.701391
1502708220.411000 453.120188 -109.730600 6.344415 0.057059 -0.029563 0.709732 -0.701534
1502708220.908000 453.606244 -112.158446 6.372647 0.035938 -0.012739 0.712177 -0.700964
1502708221.433000 453.893371 -114.728000 6.395121 0.010067 0.007690 0.712866 -0.701186
1502708221.930000 453.974481 -117.073600 6.379363 -0.014399 0.031043 0.710501 -0.702864
1502708222.427000 453.842698 -119.448412 6.381025 0.042984 -0.062077 -0.704811 0.705366
1502708222.924000 453.445594 -121.769061 6.375280 -0.065444 0.108210 0.709386 -0.693383
1502708223.421000 452.911988 -123.862498 6.378774 0.116354 -0.132930 -0.693686 0.698278
1502708223.919000 452.043674 -125.846178 6.398924 0.163209 -0.179386 -0.684967 0.687025
1502708224.416000 450.900494 -127.622372 6.425308 0.208805 -0.228259 -0.671490 0.673349
1502708224.913000 449.484053 -129.260574 6.472941 0.258921 -0.274483 -0.652735 0.656929
1502708225.410000 447.797006 -130.685914 6.469987 0.307788 -0.324610 -0.629139 0.635672
1502708225.935000 445.571353 -132.007724 6.478462 0.360338 -0.377338 -0.600684 0.605764
1502708226.432000 443.126311 -133.082951 6.474344 0.399323 -0.417027 -0.573607 0.581037
1502708226.930000 440.406465 -134.051995 6.479505 0.419380 -0.440136 -0.557259 0.565565
1502708227.427000 437.372046 -135.062006 6.497902 0.430106 -0.450982 -0.548014 0.557947
1502708227.924000 434.108077 -136.112354 6.506215 0.434130 -0.455517 -0.544233 0.554838
1502708228.421000 430.745125 -137.151100 6.536658 0.435780 -0.457555 -0.541933 0.554118
1502708228.918000 427.226241 -138.238043 6.545247 0.435289 -0.457849 -0.543971 0.552262
1502708229.416000 423.606150 -139.384843 6.572975 0.433948 -0.455297 -0.544687 0.554717
1502708229.940000 419.747701 -140.658516 6.608056 0.430649 -0.451581 -0.547842 0.557212
1502708230.438000 416.033219 -141.954194 6.623360 0.426879 -0.448014 -0.551829 0.559055
1502708230.935000 412.358663 -143.307513 6.624786 0.423316 -0.446058 -0.552743 0.562416
1502708231.432000 408.684184 -144.714149 6.650239 0.420483 -0.443935 -0.554029 0.564949
1502708231.929000 405.085135 -146.114888 6.666079 0.417442 -0.442331 -0.557145 0.565398
1502708232.426000 401.435019 -147.574822 6.675527 0.413634 -0.440287 -0.561303 0.565680
1502708232.924000 397.851959 -149.037403 6.705991 0.412507 -0.434396 -0.558532 0.573742
1502708233.421000 394.296692 -150.531091 6.713328 0.407918 -0.432125 -0.564165 0.573227
1502708233.946000 390.477133 -152.224867 6.737544 0.404797 -0.427932 -0.567881 0.574913
1502708234.443000 386.842460 -153.883656 6.752196 0.402897 -0.424669 -0.568187 0.578354
1502708234.940000 383.271937 -155.521577 6.787665 0.404437 -0.424712 -0.568943 0.576502
1502708235.437000 379.576578 -157.182293 6.803552 0.405594 -0.426169 -0.568949 0.574604
1502708235.935000 375.843686 -158.814810 6.818889 0.408308 -0.428636 -0.566138 0.573623
1502708236.432000 372.081078 -160.418322 6.864978 0.412929 -0.432289 -0.562182 0.571461
1502708236.929000 368.329251 -161.949490 6.894613 0.417270 -0.440079 -0.558897 0.565553
1502708237.426000 364.441301 -163.407722 6.899015 0.424972 -0.445082 -0.553210 0.561480
1502708237.923000 360.465326 -164.784002 6.930816 0.429113 -0.450876 -0.550143 0.556701
1502708238.448000 356.286030 -166.177104 6.954344 0.431950 -0.453841 -0.546736 0.555451
1502708238.945000 352.237896 -167.520614 7.001529 0.431975 -0.454878 -0.546329 0.554985
1502708239.443000 348.147120 -168.878267 7.004525 0.430696 -0.453409 -0.546694 0.556819
1502708239.940000 344.120807 -170.248812 7.024713 0.429549 -0.453328 -0.548175 0.556314
1502708240.437000 339.995682 -171.657863 7.040037 0.430976 -0.454567 -0.547144 0.555213
1502708240.934000 335.835117 -173.085773 7.049317 0.432016 -0.455887 -0.545934 0.554513
1502708241.431000 331.729548 -174.463587 7.033999 0.431797 -0.455950 -0.545463 0.555096
1502708241.929000 327.508870 -175.892579 7.048149 0.431080 -0.454339 -0.546721 0.555736
1502708242.454000 322.992003 -177.398347 7.088136 0.425406 -0.457186 -0.546166 0.558313
1502708242.951000 318.826016 -178.827659 7.096691 0.424369 -0.455769 -0.545547 0.560861
1502708243.448000 314.529163 -180.348611 7.103957 0.422673 -0.454219 -0.546977 0.562004
1502708243.945000 310.235741 -181.908349 7.149138 0.423963 -0.452068 -0.550335 0.559483
1502708244.442000 305.908169 -183.439731 7.152925 0.424142 -0.455076 -0.548887 0.558330
1502708244.940000 301.672778 -184.873604 7.121173 0.422316 -0.460358 -0.545247 0.558950
1502708245.437000 297.323161 -186.326708 7.100904 0.424519 -0.462821 -0.541046 0.559329
1502708245.934000 292.983138 -187.764025 7.098203 0.433205 -0.460318 -0.538615 0.557076
1502708246.459000 288.446893 -189.201140 7.171723 0.440233 -0.457462 -0.538571 0.553953
1502708246.956000 284.116514 -190.566128 7.216327 0.436044 -0.461307 -0.541875 0.550847
1502708247.453000 279.883300 -191.923626 7.243873 0.432967 -0.462480 -0.542287 0.551884
1502708247.950000 275.802302 -193.251165 7.229965 0.429401 -0.460723 -0.543787 0.554658
1502708248.448000 271.750632 -194.657928 7.226556 0.425688 -0.457652 -0.548339 0.555580
1502708248.945000 267.786404 -196.091825 7.225265 0.424318 -0.452250 -0.549564 0.559824
1502708249.442000 263.842477 -197.551689 7.231874 0.420440 -0.449436 -0.553061 0.561571
1502708249.939000 260.037637 -199.020721 7.224671 0.418963 -0.446122 -0.554701 0.563694
1502708250.436000 256.127867 -200.544187 7.222218 0.419618 -0.445497 -0.555220 0.563192
1502708250.961000 252.021109 -202.110779 7.200843 0.421032 -0.446569 -0.554251 0.562240
1502708251.459000 248.008649 -203.618057 7.204435 0.421543 -0.448461 -0.554148 0.560450
1502708251.956000 243.961616 -205.134383 7.213538 0.422417 -0.449669 -0.552680 0.560273
1502708252.453000 239.893389 -206.624186 7.223087 0.423310 -0.449976 -0.550621 0.561379
1502708252.950000 235.820457 -208.094747 7.238872 0.422628 -0.451331 -0.551722 0.559721
1502708253.447000 231.603337 -209.627689 7.226710 0.421291 -0.451746 -0.552089 0.560034
1502708253.945000 227.374046 -211.221015 7.219952 0.418577 -0.450854 -0.553381 0.561510
1502708254.442000 223.211196 -212.805369 7.195820 0.418526 -0.449329 -0.553239 0.562908
1502708254.967000 218.649087 -214.533066 7.168274 0.419916 -0.449579 -0.553540 0.561376
1502708255.464000 214.294839 -216.128911 7.164159 0.418657 -0.450924 -0.552667 0.562097
1502708255.961000 209.991914 -217.748216 7.148325 0.417272 -0.447042 -0.554986 0.563940
1502708256.458000 205.568583 -219.435778 7.155778 0.412281 -0.443018 -0.559253 0.566565
1502708256.955000 201.146663 -221.246269 7.137359 0.407511 -0.440816 -0.559236 0.571726
1502708257.453000 196.704520 -223.106948 7.125450 0.408092 -0.438409 -0.561861 0.570587
1502708257.950000 192.277037 -224.956693 7.117457 0.408421 -0.438996 -0.562854 0.568920
1502708258.447000 187.706856 -226.814600 7.096810 0.409339 -0.441444 -0.560326 0.568861
1502708258.944000 183.096992 -228.658137 7.058107 0.412595 -0.444564 -0.558400 0.565966
1502708259.469000 178.229110 -230.509051 7.036124 0.418422 -0.448962 -0.554220 0.562314
1502708259.966000 173.477951 -232.199114 7.001779 0.423871 -0.455753 -0.548720 0.558148
1502708260.464000 168.671830 -233.812662 7.000032 0.427891 -0.459302 -0.546197 0.554635
1502708260.961000 163.907851 -235.363788 6.963392 0.428599 -0.460973 -0.545007 0.553872
1502708261.458000 158.990993 -236.976555 6.930721 0.428740 -0.461102 -0.546554 0.552128
1502708261.955000 154.036691 -238.599423 6.885807 0.429296 -0.461635 -0.546160 0.551641
1502708262.452000 149.133974 -240.162573 6.866003 0.431055 -0.461783 -0.544341 0.551943
1502708262.950000 144.102268 -241.790062 6.838333 0.431384 -0.462426 -0.545214 0.550283
1502708263.474000 138.766026 -243.523511 6.796119 0.431033 -0.462531 -0.546453 0.549239
1502708263.972000 133.816126 -245.138324 6.789629 0.432073 -0.462115 -0.542918 0.552271
1502708264.469000 128.748033 -246.776969 6.767895 0.431583 -0.463655 -0.545752 0.548557
1502708264.966000 123.636339 -248.386621 6.698302 0.431283 -0.463980 -0.544706 0.549557
1502708265.463000 118.514308 -250.006368 6.662481 0.431569 -0.464802 -0.544467 0.548874
1502708265.960000 113.489340 -251.573723 6.621169 0.434899 -0.463364 -0.543110 0.548806
1502708266.458000 108.323730 -253.174793 6.571480 0.435871 -0.464808 -0.543644 0.546280
1502708266.955000 103.126317 -254.756139 6.544220 0.435663 -0.467122 -0.542978 0.545132
1502708267.480000 97.721854 -256.407477 6.485992 0.435057 -0.469505 -0.541452 0.545087
1502708267.977000 92.497291 -257.977818 6.387722 0.436802 -0.469407 -0.539155 0.546052
1502708268.474000 87.315621 -259.526034 6.427463 0.439531 -0.467785 -0.536288 0.548074
1502708268.971000 82.210211 -261.039959 6.441273 0.437365 -0.469262 -0.536866 0.547978
1502708269.469000 77.074969 -262.594482 6.502369 0.441406 -0.462515 -0.534180 0.553076
1502708269.966000 71.972904 -264.152127 6.575438 0.437339 -0.462021 -0.536515 0.554458
1502708270.463000 66.935144 -265.788157 6.664050 0.434604 -0.460059 -0.539248 0.555586
1502708270.960000 62.027319 -267.425451 6.702737 0.433440 -0.457171 -0.541808 0.556389
1502708271.457000 57.078169 -269.089871 6.764730 0.432533 -0.455180 -0.544174 0.556419
1502708271.982000 51.954863 -270.849203 6.814535 0.427145 -0.457702 -0.546433 0.556298
1502708272.479000 47.060591 -272.565046 6.828339 0.423890 -0.459129 -0.549023 0.555060
1502708272.977000 42.173162 -274.274021 6.818783 0.423991 -0.458728 -0.549390 0.554951
1502708273.474000 37.282908 -275.965650 6.790652 0.423608 -0.459429 -0.549302 0.554750
1502708273.971000 32.490208 -277.601472 6.743648 0.424023 -0.460233 -0.549291 0.553777
1502708274.468000 27.647062 -279.254230 6.676089 0.424555 -0.460947 -0.548611 0.553450
1502708274.965000 22.901358 -280.861062 6.648025 0.425474 -0.461096 -0.548922 0.552311
1502708275.463000 18.309823 -282.402135 6.607594 0.425947 -0.461727 -0.548784 0.551556
1502708275.987000 13.591874 -283.986430 6.557660 0.424990 -0.464027 -0.548673 0.550473
1502708276.485000 9.431346 -285.350731 6.531167 0.425830 -0.465355 -0.548016 0.549357
1502708276.982000 5.613823 -286.606315 6.467813 -0.427292 0.467133 0.548879 -0.545839
1502708277.479000 1.970651 -287.733182 6.387446 -0.433726 0.472331 0.545324 -0.539822
1502708277.976000 -1.438412 -288.631117 6.304265 -0.448758 0.484471 0.533458 -0.528514
1502708278.474000 -4.629655 -289.179151 6.270543 -0.470888 0.505471 0.513843 -0.508655
1502708278.971000 -7.534969 -289.308399 6.206310 0.500566 -0.532907 -0.485284 0.479524
1502708279.468000 -10.310692 -288.981152 6.134849 0.539096 -0.565420 -0.445287 0.437487
1502708279.993000 -13.003513 -288.061555 6.069522 0.577487 -0.608475 -0.387237 0.382511
1502708280.490000 -15.291856 -286.674260 5.994063 0.612142 -0.643336 -0.325839 0.324391
1502708280.987000 -17.272980 -284.873440 5.944998 0.643358 -0.669848 -0.262868 0.261332
1502708281.484000 -18.870915 -282.732237 5.909350 0.665707 -0.691578 -0.194830 0.201482
1502708281.982000 -20.054938 -280.367870 5.899973 0.685544 -0.700769 -0.129893 0.148591
1502708282.479000 -20.919820 -277.674542 5.909849 0.695923 -0.708608 -0.073532 0.090329
1502708282.976000 -21.373538 -274.728755 5.891548 0.701270 -0.711850 -0.016735 0.034783
1502708283.473000 -21.479199 -271.636409 5.869489 0.700847 -0.712661 0.029504 -0.007587
1502708283.970000 -21.356008 -268.278877 5.879786 0.700127 -0.710651 0.059881 -0.034806
1502708284.495000 -21.108529 -264.515145 5.863925 0.699341 -0.709626 0.071763 -0.046948
1502708284.992000 -20.796224 -260.888920 5.860544 0.697956 -0.710119 0.076599 -0.052168
1502708285.490000 -20.471763 -257.039703 5.836169 0.697903 -0.709730 0.078387 -0.055420
1502708285.987000 -20.154902 -253.051214 5.839721 0.698093 -0.709400 0.078156 -0.057521
1502708286.484000 -19.782028 -248.955244 5.813210 0.698508 -0.708977 0.078053 -0.057844
1502708286.981000 -19.454669 -244.786148 5.800954 0.698283 -0.709523 0.076118 -0.056426
1502708287.479000 -19.146241 -240.413029 5.769953 0.698817 -0.709654 0.072770 -0.052448
1502708287.976000 -18.881363 -235.857626 5.751378 0.698708 -0.710139 0.070080 -0.050975
1502708288.501000 -18.601111 -230.951690 5.731547 0.698374 -0.710521 0.069582 -0.050915
1502708288.998000 -18.310526 -226.087416 5.695509 0.698430 -0.710360 0.070074 -0.051719
1502708289.495000 -17.995038 -221.096531 5.683871 0.698034 -0.710561 0.071502 -0.052325
1502708289.992000 -17.655878 -216.170179 5.651218 0.697514 -0.710901 0.072553 -0.053200
1502708290.489000 -17.294403 -211.173014 5.629180 0.696920 -0.711543 0.073145 -0.051563
1502708290.987000 -16.977166 -206.252614 5.600526 0.696879 -0.711691 0.072506 -0.050973
1502708291.484000 -16.660501 -201.490211 5.563172 0.696976 -0.711645 0.072166 -0.050774
1502708291.981000 -16.362469 -196.727707 5.545498 0.696914 -0.711744 0.071538 -0.051124
1502708292.506000 -16.057074 -191.730642 5.516843 0.697084 -0.711324 0.073022 -0.052538
1502708293.003000 -15.728680 -187.192375 5.480478 0.695368 -0.712700 0.075998 -0.052396
1502708293.500000 -15.377105 -182.629440 5.453494 0.697268 -0.710577 0.076973 -0.054530
1502708293.997000 -15.038880 -178.133968 5.431400 0.695895 -0.711750 0.076680 -0.057115
1502708294.495000 -14.687672 -173.701484 5.389885 0.697015 -0.710504 0.077629 -0.057688
1502708294.992000 -14.333969 -169.348090 5.370295 0.697543 -0.710221 0.075933 -0.057042
1502708295.489000 -13.997092 -164.904550 5.349944 0.697360 -0.710644 0.074812 -0.055473
1502708295.986000 -13.668814 -160.437007 5.307708 0.697163 -0.711080 0.073770 -0.053733
1502708296.484000 -13.372297 -156.047719 5.279431 0.697378 -0.711138 0.071488 -0.053246
1502708297.008000 -13.086212 -151.288494 5.265344 0.697946 -0.710765 0.070544 -0.052045
1502708297.506000 -12.806014 -146.767829 5.258506 0.697663 -0.711250 0.069866 -0.050077
